-17.429,35.018
-17.429,35.018
-17.429,35.018
-17.429,35.018
-17.429,35.018
-17.429,35.018
-17.429,35.018
-17.429,35.018
-17.429,35.018
-17.429,35.018
-17.429,35.018
-17.429,35.018
-17.429,35.018
-17.429,35.018
-17.429,35.018
-17.429,35.018
-17.429,35.018
-17.429,35.018
-17.429,35.018
-17.429,35.018
-17.429,35.018
-17.429,35.018
-17.429,35.018
-17.429,35.018
-17.429,35.018
-17.429,35.018
-17.429,35.018
-17.429,35.018
-17.429,35.018
-17.429,35.018
-17.429,35.018
-17.429,35.018
-17.429,35.018
-17.429,35.018
-17.429,35.018
-17.429,35.018
-17.429,35.018
-17.429,35.018
-17.429,35.018
-17.429,35.018
-17.429,35.018
-17.429,35.018
-17.429,35.018
-17.429,35.018
-17.429,35.018
-17.429,35.018
-17.429,35.018
-17.429,35.018
-17.429,35.018
-17.429,35.018
-17.429,35.018
-17.429,35.018
-17.429,35.018
-17.429,35.018
-17.429,35.018
-17.429,35.018
-17.429,35.018
-17.429,35.018
-17.429,35.018
-17.429,35.018
-17.429,35.018
-17.429,35.018
-17.429,35.018
-17.429,35.018
-17.429,35.018
-17.429,35.018
-17.429,35.018
-17.429,35.018
-17.429,35.018
-17.429,35.018
-17.429,35.018
-17.429,35.018
-17.429,35.018
-17.429,35.018
-17.429,35.018
-17.429,35.018
-17.429,35.018
-17.429,35.018
-17.429,35.018
-17.429,35.018
-17.429,35.018
-17.429,35.018
-17.429,35.018
-17.429,35.018
-17.429,35.018
-17.429,35.018
-17.429,35.018
-17.429,35.018
-17.429,35.018
-17.429,35.018
-17.429,35.018
-17.429,35.018
-17.429,35.018
-17.429,35.018
-17.429,35.018
-17.429,35.018
-17.429,35.018
-17.429,35.018
-17.429,35.018
-17.429,35.018
-73.424,37.738
-73.424,37.738
-73.424,37.738
-73.424,37.738
-73.424,37.738
-73.424,37.738
-73.424,37.738
-73.424,37.738
-73.424,37.738
-73.424,37.738
-73.424,37.738
-73.424,37.738
-73.424,37.738
-73.424,37.738
-73.424,37.738
-73.424,37.738
-73.424,37.738
-73.424,37.738
-73.424,37.738
-73.424,37.738
-73.424,37.738
-73.424,37.738
-73.424,37.738
-73.424,37.738
-73.424,37.738
-73.424,37.738
-73.424,37.738
-73.424,37.738
-73.424,37.738
-73.424,37.738
-73.424,37.738
-73.424,37.738
-73.424,37.738
-73.424,37.738
-73.424,37.738
-73.424,37.738
-73.424,37.738
-56.251,37.738
-56.251,37.738
-56.251,37.738
-56.251,37.738
-56.251,37.738
-56.251,37.738
-47.198,37.738
-47.198,37.738
-47.198,37.738
-47.198,37.738
-47.198,37.738
-47.198,37.738
-47.198,37.738
-47.198,37.738
-47.198,37.738
-47.198,37.738
-47.198,37.738
-47.198,37.738
-47.198,37.738
-47.198,37.738
-47.198,37.738
-47.198,37.738
-47.198,37.738
-47.198,37.738
-47.198,37.738
-47.198,37.738
-47.198,37.738
-47.198,37.738
-47.198,37.738
-47.198,37.738
-47.198,37.738
-47.198,37.738
-47.198,37.738
-47.198,37.738
-47.198,37.738
-47.198,37.738
-47.198,37.738
-47.198,37.738
-47.198,37.738
-47.198,37.738
-47.198,37.738
-47.198,37.738
-47.198,37.738
-47.198,37.738
-47.198,37.738
-47.198,37.738
-47.198,37.738
-47.198,37.738
-47.198,37.738
-47.198,37.738
-47.198,37.738
-47.198,37.738
-47.198,37.738
-47.198,37.738
-47.198,37.738
-47.198,37.738
-47.198,37.738
-47.198,37.738
-47.198,37.738
-47.198,37.738
-47.198,37.738
-47.198,37.738
-47.198,37.738
-23.564,33.804
-23.564,33.804
-23.564,33.804
-23.564,33.804
-23.564,33.804
-23.564,33.804
-23.564,33.804
-23.564,33.804
-23.564,33.804
-23.564,33.804
-23.564,33.804
-23.564,33.804
-23.564,33.804
-23.564,33.804
-23.564,33.804
-23.564,33.804
-23.564,33.804
-23.564,33.804
-23.564,33.804
-23.564,33.804
-23.564,33.804
-23.564,33.804
-23.564,33.804
-23.564,33.804
-23.564,33.804
-23.564,33.804
-23.564,33.804
-23.564,33.804
-23.564,33.804
-23.564,33.804
-23.564,33.804
-23.564,33.804
-23.564,33.804
-23.564,33.804
-23.564,33.804
-23.564,33.804
-23.564,33.804
-23.564,33.804
-23.564,33.804
-23.564,33.804
-23.564,33.804
-23.564,33.804
-23.564,33.804
-23.564,33.804
-23.564,33.804
-23.564,33.804
-23.564,33.804
-23.564,33.804
-23.564,33.804
-23.564,33.804
-23.564,33.804
-20.751,33.804
-20.751,33.804
-20.751,33.804
-20.751,33.804
-20.751,29.678
-20.751,29.678
-20.751,29.678
-20.751,29.678
-20.751,29.678
-20.751,29.678
-20.751,29.678
-20.751,29.678
-20.751,29.678
-20.751,29.678
-20.751,29.678
-20.751,29.678
-20.751,29.678
-20.751,29.678
-20.751,29.678
-20.751,29.678
-20.751,29.678
-20.751,29.678
-20.751,29.678
-20.751,29.678
-20.751,29.678
-20.751,29.678
-20.751,29.678
-20.751,29.678
-20.751,29.678
-20.751,29.678
-20.751,29.678
-20.751,29.678
-20.751,29.678
-20.751,29.678
-20.751,29.678
-20.751,29.678
-20.751,29.678
-20.751,29.678
-20.751,29.678
-20.751,29.678
-20.751,29.678
-20.751,29.678
-20.751,29.678
-20.751,29.678
-20.751,29.678
-20.751,29.678
-20.751,29.678
-20.751,29.678
-20.751,29.678